0,433
248,3
0,300
0,299
0,298
0,297
0,296
0,295
0,294
0,293
0,292
0,291
0,290
0,289
0,288
0,287
0,286
0,285
0,284
0,283
0,282
0,281
0,280
0,279
0,278
0,277
0,276
0,275
0,274
0,273
0,272
0,271
0,270
0,269
0,268
0,267
0,266
0,265
0,264
0,263
0,262
0,261
0,260
0,259
0,258
0,257
0,256
0,255
0,254
0,253
0,252
0,251
0,250
0,249
0,248
0,247
0,246
0,245
0,244
0,242
0,241
0,240
0,239
0,235
0,234
0,233
0,232
0,231
0,230
0,229
0,228
0,227
0,226
0,225
0,224
0,223
0,222
0,221
0,220
0,219
0,218
0,217
0,216
0,215
0,214
0,213
0,212
0,211
0,210
0,209
0,208
0,207
0,206
0,205
0,204
0,203
0,202
0,201
0,200
0,199
0,198
0,197
0,196
0,195
0,194
0,193
0,192
0,63
0,62
0,61
0,60
0,59
0,58
0,57
0,56
0,55
0,52
0,51
0,50
0,49
0,48
0,47
0,46
0,45
0,6
0,1
0,355
0,238
144,3
223,3
0,237
0,440
2,3
0,236
0,380
1,3
0,398
0,338
0,426
0,428
0,347
0,326
0,329
0,368
0,337
13,2
0,371
8,1
8,4
6,4
239,3
223,4
161,3
254,1
254,4
248,5
166,3
237,4
236,3
0,409
236,0
0,0
0,408
0,54
0,53
0,304
0,303
142,3
0,12
0,11
0,10
142,0
0,8
250,3
0,344
12,3
12,0
7,3
7,0
9,3
9,0
10,3
10,0
11,3
11,0
15,3
15,0
16,3
16,0
5,1
5,3
5,0
19,3
19,0
20,3
20,0
21,3
21,0
22,3
22,0
23,3
23,0
18,3
18,0
17,3
17,0
6,1
6,3
6,0
8,3
8,0
13,3
13,0
2,1
2,5
14,3
0,438
14,0
0,339
0,342
161,2
0,315
250,4
0,431
223,1
223,5
0,369
0,404
0,413
0,434
0,363
0,313
0,446
248,2
0,421
2,4
2,10
0,439
144,0
0,335
237,1
237,5
0,353
237,3
0,305
0,302
239,0
248,1
248,4
0,406
